# Camera intrinsics

image_width  1280
image_height 720

distortion_model rational_polynomial
distortion_coefficients
0.007095648 -0.060458139 0.001076671 -0.000188895 0.040745307 0.000000000 0.000000000 0.000000000

camera_matrix_K
696.695678711 0.000000000 640.553588867
0.000000000 696.448120117 367.604797363
0.000000000 0.000000000 1.000000000

rectification_matrix_R
1.000000000 0.000000000 0.000000000
0.000000000 1.000000000 0.000000000
0.000000000 0.000000000 1.000000000

projection_matrix_P
696.695678711 0.000000000 640.553588867 0.000000000
0.000000000 696.448120117 367.604797363 0.000000000
0.000000000 0.000000000 1.000000000 0.000000000
